[{'key': '1',
'text': '找到一个特殊的位置，就能看到完整的样子。',
'timestamp': [[110, 210], [210, 330], [330, 450], [450, 530], [530, 670], [670, 850], [850, 950], [950, 1090], [1090, 1330], [1390, 1490], [1490, 1630], [1630, 1790], [1790, 1930], [1930, 2010], [2010, 2190], [2190, 2290], [2290, 2430], [2430, 2605]],
 'sentence_info': [
 {'text': '找到一个特殊的位置，',
 'start': 110,
 'end': 1330,
  'timestamp': [[110, 210], [210, 330], [330, 450], [450, 530], [530, 670], [670, 850], [850, 950], [950, 1090], [1090, 1330]],
  'spk': 0},
   {'text': '就能看到完整的样子。', 'start': 1390, 'end': 2605, 'timestamp': [[1390, 1490], [1490, 1630], [1630, 1790], [1790, 1930], [1930, 2010], [2010, 2190], [2190, 2290], [2290, 2430], [2430, 2605]], 'spk': 0}]
 }]
